Y =[    1500        1500        1500        1532        1532        1532
        1500        1500        1536        1536        1536        1536
        1500        1540        1540        1540        1540        1540
        1544        1544        1544        1544        1544        1544
        1548        1548        1548        1548        1548        1548
        1552        1552        1552        1552        1552        1552
        1556        1556        1556        1556        1556        1556
        1560        1560        1560        1560        1560        1560
        1564        1564        1564        1564        1564        1564
        1568        1568        1568        1568        1568        1568
        1572        1572        1572        1572        1572        1572
        1576        1576        1576        1576        1576        1576
        1580        1580        1580        1580        1580        1580
        1584        1584        1584        1584        1584        1584
        1588        1588        1588        1588        1588        1588
        1592        1592        1592        1592        1592        1592
        1596        1596        1596        1596        1596        1596
        1600        1600        1600        1600        1600        1600
        1604        1604        1604        1604        1604        1604
        1608        1608        1608        1608        1608        1608
        1612        1612        1612        1612        1612        1612
        1616        1616        1616        1616        1616        1616
        1620        1620        1620        1620        1620        1620
        1624        1624        1624        1624        1624        1624
        1628        1628        1628        1628        1628        1628
        1632        1632        1632        1632        1632        1632
        1636        1636        1636        1636        1636        1636
        1640        1640        1640        1640        1640        1640
        1644        1644        1644        1644        1644        1644
        1648        1648        1648        1648        1648        1648
        1652        1652        1652        1652        1652        1652
        1656        1656        1656        1656        1656        1656
        1660        1660        1660        1660        1660        1660
        1664        1664        1664        1664        1664        1664
        1668        1668        1668        1668        1668        1668
        1672        1672        1672        1672        1672        1672
        1676        1676        1676        1676        1676        1676
        1680        1680        1680        1680        1680        1680
        1684        1684        1684        1684        1684        1684
        1688        1688        1688        1688        1688        1688
        1692        1692        1692        1692        1692        1692
        1696        1696        1696        1696        1696        1696
        1700        1700        1700        1700        1700        1700
        1704        1704        1704        1704        1704        1704
        1708        1708        1708        1708        1708        1708
        1712        1712        1712        1712        1712        1712
        1716        1716        1716        1716        1716        1716
        1720        1720        1720        1720        1720        1720
        1724        1724        1724        1724        1724        1724
        1728        1728        1728        1728        1728        1728
        1732        1732        1732        1732        1732        1732
        1736        1736        1736        1736        1736        1736
        1740        1740        1740        1740        1740        1740
        1744        1744        1744        1744        1744        1744
        1748        1748        1748        1748        1748        1748
        1752        1752        1752        1752        1752        1752
        1756        1756        1756        1756        1756        1756
        1760        1760        1760        1760        1760        1760
        1764        1764        1764        1764        1764        1764
        1768        1768        1768        1768        1768        1768
        1772        1772        1772        1772        1772        1772
        1776        1776        1776        1776        1776        1776
        1780        1780        1780        1780        1780        1780
        1784        1784        1784        1784        1784        1784
        1788        1788        1788        1788        1788        1788
        1792        1792        1792        1792        1792        1792
        1796        1796        1796        1796        1796        1796
        1800        1800        1800        1800        1800        1800
        1804        1804        1804        1804        1804        1804
        1808        1808        1808        1808        1808        1808
        1812        1812        1812        1812        1812        1812
        1816        1816        1816        1816        1816        1816
        1820        1820        1820        1820        1820        1820
        1824        1824        1824        1824        1824        1824
        1828        1828        1828        1828        1828        1828
        1832        1832        1832        1832        1832        1832
        1836        1836        1836        1836        1836        1836
        1840        1840        1840        1840        1840        1840
        1844        1844        1844        1844        1844        1844
        1848        1848        1848        1848        1848        1848
        1852        1852        1852        1852        1852        1852
        1856        1856        1856        1856        1856        1856
        1860        1860        1860        1860        1860        1860
        1864        1864        1864        1864        1864        1864
        1868        1868        1868        1868        1868        1868
        1872        1872        1872        1872        1872        1872
        1876        1876        1876        1876        1876        1876
        1880        1880        1880        1880        1880        1880
        1884        1884        1884        1884        1884        1884
        1888        1888        1888        1888        1888        1888
        1892        1892        1892        1892        1892        1892
        1896        1896        1896        1896        1896        1896
        1900        1900        1900        1900        1900        1900]
		
		
X = [

         0         0         0    0.0400    0.0500    0.0600
         0         0    0.0500    0.0500    0.0700    0.0900
         0    0.0400    0.0600    0.0800    0.0900    0.1100
    0.0400    0.0500    0.0800    0.1000    0.1200    0.1500
    0.0500    0.0700    0.1000    0.1300    0.1500    0.1800
    0.0700    0.1000    0.1200    0.1500    0.1800    0.2100
    0.0800    0.1100    0.1500    0.1800    0.2100    0.2500
    0.0900    0.1300    0.1800    0.2200    0.2500    0.2900
    0.1100    0.1500    0.2000    0.2500    0.2900    0.3200
    0.1300    0.1800    0.2300    0.2900    0.3200    0.3600
    0.1500    0.2000    0.2600    0.3200    0.3600    0.3900
    0.1600    0.2200    0.2900    0.3600    0.3900    0.4300
    0.1800    0.2500    0.3300    0.4000    0.4300    0.4700
    0.2000    0.2800    0.3600    0.4400    0.4700    0.5000
    0.2200    0.3100    0.3900    0.4700    0.5100    0.5400
    0.2400    0.3300    0.4300    0.5100    0.5500    0.5700
    0.2600    0.3700    0.4600    0.5600    0.5900    0.6100
    0.2900    0.3900    0.5000    0.6000    0.6300    0.6400
    0.3100    0.4300    0.5300    0.6400    0.6700    0.6600
    0.3400    0.4600    0.5800    0.6800    0.7000    0.7000
    0.3600    0.4900    0.6200    0.7200    0.7600    0.7400
    0.3900    0.5200    0.6400    0.7800    0.8000    0.7800
    0.4100    0.5500    0.6900    0.8200    0.8400    0.8200
    0.4400    0.5900    0.7300    0.8700    0.8800    0.8600
    0.4700    0.6300    0.7700    0.9100    0.9200    0.8900
    0.4900    0.6500    0.8300    0.9500    0.9700    0.9300
    0.5200    0.6800    0.8500    0.9900    1.0200    0.9800
    0.5500    0.7100    0.8900    1.0300    1.0800    1.0200
    0.5800    0.7600    0.9200    1.1000    1.1300    1.0600
    0.6100    0.7900    0.9700    1.1400    1.1800    1.1200
    0.6400    0.8300    1.0000    1.1800    1.2200    1.1700
    0.6800    0.8600    1.0500    1.2400    1.2800    1.2200
    0.7000    0.8900    1.0900    1.2800    1.3200    1.2800
    0.7300    0.9300    1.1400    1.3300    1.3800    1.3100
    0.7600    0.9700    1.2000    1.3900    1.4200    1.3800
    0.8000    1.0000    1.2300    1.4400    1.4900    1.4400
    0.8300    1.0400    1.2800    1.4800    1.5400    1.5300
    0.8500    1.0800    1.3200    1.5400    1.6000    1.5800
    0.8900    1.1400    1.3700    1.5900    1.6800    1.6400
    0.9200    1.1600    1.4100    1.6500    1.7400    1.7400
    0.9500    1.2000    1.4600    1.6900    1.7900    1.8000
    0.9800    1.2300    1.5100    1.7600    1.8400    1.8500
    0.9700    1.2800    1.5500    1.8200    1.9200    1.9200
    1.0500    1.3100    1.6100    1.8800    1.9700    1.9800
    1.0800    1.3500    1.6500    1.9300    2.0400    2.0700
    1.1100    1.4000    1.7100    1.9900    2.0800    2.1200
    1.1700    1.4300    1.7600    2.0500    2.1700    2.2000
    1.1800    1.4800    1.8100    2.1200    2.2200    2.2500
    1.2100    1.5300    1.8500    2.1800    2.2800    2.3300
    1.2400    1.5600    1.9100    2.2200    2.3600    2.4400
    1.2700    1.6300    1.9600    2.2800    2.4300    2.5200
    1.3100    1.6700    2.0000    2.3800    2.5000    2.6100
    1.3600    1.7100    2.0900    2.4300    2.5900    2.6600
    1.4100    1.7700    2.1200    2.5200    2.6400    2.7600
    1.4300    1.8200    2.1600    2.5800    2.7400    2.8300
    1.4800    1.8500    2.2500    2.6500    2.7900    2.9100
    1.5200    1.9100    2.2700    2.7300    2.8700    2.9900
    1.5500    1.9200    2.3400    2.7600    2.9300    3.0600
    1.5800    1.9600    2.4300    2.8400    3.0100    3.1300
    1.6200    2.0300    2.5000    2.8900    3.1000    3.2200
    1.6600    2.0900    2.5600    2.9800    3.1500    3.2800
    1.6900    2.1300    2.6400    3.0500    3.2100    3.3600
    1.7300    2.1800    2.6600    3.1100    3.2700    3.4400
    1.7700    2.2400    2.7600    3.1700    3.3900    3.5500
    1.8000    2.2700    2.7800    3.2200    3.4600    3.6400
    1.8500    2.3300    2.8800    3.3000    3.5400    3.7200
    1.8800    2.4000    2.9300    3.3700    3.6300    3.8500
    1.9100    2.4600    2.9900    3.4200    3.7200    3.9600
    1.9900    2.5100    3.0500    3.5100    3.7900    4.1000
    2.0000    2.5600    3.1300    3.6100    3.9200    4.2100
    2.0600    2.6200    3.1900    3.6800    4.0200    4.3300
    2.0900    2.6500    3.2300    3.7400    4.1400    4.4200
    2.1200    2.7100    3.3200    3.8200    4.2100    4.5500
    2.1700    2.7800    3.3600    3.8900    4.3200    4.7000
    2.2100    2.8400    3.4200    3.9600    4.4100    4.8200
    2.2700    2.8700    3.4900    4.0600    4.5400    4.9300
    2.3000    2.9300    3.5700    4.1500    4.6700    5.0200
    2.3600    3.0100    3.6200    4.2500    4.6900    5.1400
    2.4100    3.0400    3.6900    4.3000    4.8600    5.2000
    2.4500    3.0800    3.7700    4.3800    4.9200    5.3900
    2.4800    3.1600    3.8400    4.5100    5.0200    5.5200
    2.5500    3.2300    3.9200    4.5300    5.1200    5.6200
    2.5800    3.2600    3.9800    4.6500    5.2100    5.7100
    2.6200    3.3200    4.0300    4.7100    5.2900    5.8200
    2.6500    3.3800    4.1100    4.7900    5.3800    5.9300
    2.6900    3.4000    4.1500    4.8400    5.5000    6.0600
    2.7400    3.4500    4.2100    4.9300    5.6000    6.1300
    2.7700    3.5000    4.3000    5.0100    5.6700    6.2600
    2.8200    3.5700    4.3800    5.0800    5.7700    6.3600
    2.8800    3.6400    4.4200    5.1400    5.8200    6.4600
    2.8900    3.7100    4.5100    5.1800    5.9000    6.5500
    2.9200    3.6900    4.5300    5.2200    5.9800    6.6200
    2.9300    3.7100    4.5200    5.2500    6.0200    6.7200]
		


Ze = [

    10    12    14    16    18    20
    10    12    14    16    18    20
    10    12    14    16    18    20
    10    12    14    16    18    20
    10    12    14    16    18    20
    10    12    14    16    18    20
    10    12    14    16    18    20
    10    12    14    16    18    20
    10    12    14    16    18    20
    10    12    14    16    18    20
    10    12    14    16    18    20
    10    12    14    16    18    20
    10    12    14    16    18    20
    10    12    14    16    18    20
    10    12    14    16    18    20
    10    12    14    16    18    20
    10    12    14    16    18    20
    10    12    14    16    18    20
    10    12    14    16    18    20
    10    12    14    16    18    20
    10    12    14    16    18    20
    10    12    14    16    18    20
    10    12    14    16    18    20
    10    12    14    16    18    20
    10    12    14    16    18    20
    10    12    14    16    18    20
    10    12    14    16    18    20
    10    12    14    16    18    20
    10    12    14    16    18    20
    10    12    14    16    18    20
    10    12    14    16    18    20
    10    12    14    16    18    20
    10    12    14    16    18    20
    10    12    14    16    18    20
    10    12    14    16    18    20
    10    12    14    16    18    20
    10    12    14    16    18    20
    10    12    14    16    18    20
    10    12    14    16    18    20
    10    12    14    16    18    20
    10    12    14    16    18    20
    10    12    14    16    18    20
    10    12    14    16    18    20
    10    12    14    16    18    20
    10    12    14    16    18    20
    10    12    14    16    18    20
    10    12    14    16    18    20
    10    12    14    16    18    20
    10    12    14    16    18    20
    10    12    14    16    18    20
    10    12    14    16    18    20
    10    12    14    16    18    20
    10    12    14    16    18    20
    10    12    14    16    18    20
    10    12    14    16    18    20
    10    12    14    16    18    20
    10    12    14    16    18    20
    10    12    14    16    18    20
    10    12    14    16    18    20
    10    12    14    16    18    20
    10    12    14    16    18    20
    10    12    14    16    18    20
    10    12    14    16    18    20
    10    12    14    16    18    20
    10    12    14    16    18    20
    10    12    14    16    18    20
    10    12    14    16    18    20
    10    12    14    16    18    20
    10    12    14    16    18    20
    10    12    14    16    18    20
    10    12    14    16    18    20
    10    12    14    16    18    20
    10    12    14    16    18    20
    10    12    14    16    18    20
    10    12    14    16    18    20
    10    12    14    16    18    20
    10    12    14    16    18    20
    10    12    14    16    18    20
    10    12    14    16    18    20
    10    12    14    16    18    20
    10    12    14    16    18    20
    10    12    14    16    18    20
    10    12    14    16    18    20
    10    12    14    16    18    20
    10    12    14    16    18    20
    10    12    14    16    18    20
    10    12    14    16    18    20
    10    12    14    16    18    20
    10    12    14    16    18    20
    10    12    14    16    18    20
    10    12    14    16    18    20
    10    12    14    16    18    20
    10    12    14    16    18    20]
	
		